
og
------------------------------

4.72908250155464
37.193079863585154
70.24093796751465
104.42803278814726
143.77140976544825
179.18007862586086
221.4414980655746
257.0840467854665
293.7503616088193
334.1336819262308
3961.61464432319----------
431.1239490676862
467.390548216933
511.03994590622915
563.9199965614016
602.2628042881543
644.5199002464324
1318.86273919429----------
753.6815203565875
795.9616095890706
836.2839255791514
951.5435359055537
1022.0429106280917
1001.5692278807019
1168.671018945648
1247.2220714390205
1320.2686097028345----------
1318.5443271253243
1591.1123065895335
2232.3945534997147----------
1315.2277258804133
1331.4226007436591
1379.4084888044526
1426.3981499143374
1470.9858016681465
1535.0868250360727
2497.01760998596----------
1615.9366519514006
5569.8821039773975----------
1713.6817252183537
2534.1645993733546----------
1945.9891209420093
1965.906056124426
2000.11335356575
19927.19950627887----------
4458.237448902175----------
9962.524517548401----------
2082.305002390771
13612.530446136749----------
2281.13114745685